00000100001100000010110010010110100010101110001100001011010100111010011100001011000011111111110000000000000000000000000000000000
00000100001100000010010001000111101001100010110110100001000100111110110111010100000011111111110000000000000000000000000000000000
01000101001101000011010000000110001101011011001000001001101000111110101111011010000011111111110001101111010100110010010111001100
01000101010000000010010010111000011101011101111111110000001000111110100001010000000000000000000011011000000001110000001110000110
01000101011101000000000001000001111101011111101101111010110000110100110010101101000000000000000000111001101010001001111110101001
10000100000101000001011000111000110101111100001011011010101000111010100010000100000000000000000000100111010010100000111101110000
01000101010100000000111110011011101111101100011111101110110000111101000011101100000000001111110001010100001000100010100100011111
00000100001001000001001011011101010110100001110111010011000100111110010011000110000011111111110000000000000000000000000000000000
01000101001001000000110111111111111000011111001100010100000100110010100100011110000000001111110010001110101000101111101111100101
00000101000000000010000101000010010100100011001111110011110000110000111001001011000011111111110000000000000000000000000000000000
00000100001000000011100001111001011101011100001101001010000000111001010111001101000011111111110000000000000000000000000000000000
00000100011100000010010100110100100111011011111100001101101100110100101011001100000011110000000000000000000000000000000000000000
01000101010101000001110010011100110110011001111000010010111100110110001100001001000000000000000001010110111111010101110000011011
00000100011001000010101101001111010000100011100010110101111100111011001100010100000011111111110000000000000000000000000000000000
00000100011100000001110110010110110001001100000100111000101000110011101011001011000011111111110000000000000000000000000000000000
01000100011000000001000101111100110110010001010001000010011000110100111000101110000000000000000001111011000010001011000100011100
01000101010000000001110010111011001110110010010101000011011100110110001001011000000011110000000010100100010010001101101100000000
01000101010000000001101100000000100011111110000110101101010100111111101010010101000011111111110001101110001110101011011011110001
00100101011101000000000111110011011100000000001010111101010000110100110001100111000000000000000000001101000101011000000001000101
11100100010001000001000100011101001101010011100111000011100100111110011110110111000011111111110000000000000000000000000000000000
01000100001100000000001011010010101010110011100110111110110000111011000111110101000000000000000000110001111110001011110110111011
00000100011100000000001001100100000001101100100100000111100100110001011100101101000011110000000000000000000000000000000000000000
01000100011001000010101000111001110010100110011011110010101000111111011111011110000011111111110011010101100010011000101110100111
11100101010100000011000110101100101100010010001110110101111000110001111000000010000011110000000000000000000000000000000000000000
01000100000000000000010011001010011011111111101111000110101100111001101111100111000011111111110011000010110001111111110010100100
01000101000100000001101010110100001011111011100111110001101100110001101010001011000000001111110001100111111101000000011111101101
01000101011000000010000011110111000111110111111111010111101000110001111011101110000011111111110011000001010111010100110001111011
01000101011100000011111110101100100111110000001101111100101100111100110111011010000011110000000010110011111011111001100001011101
01000100001001000000010111110100000100010010001111010011101100111100000101010001000011110000000010110111000000101100101100110101
01000101001101000011100110000111100110100000001100110100000000111111010010100101000011110000000001001000000100111111010110111101
00000100010000000000111011110110010111011101001010100001110000110100101100000101000011110000000000000000000000000000000000000000
01000101001101000001110100111011010000001110101111101101010100110001100000011111000000000000000000001001000100001011010111110101
00100101011101000001010011000001010110101110111000010110011100110000100000100011000000001111110011101011100110001110101101010001
00000100001101000000100100110010100100001000101010110001001000110101010010110001000011111111110000000000000000000000000000000000
01000101010000000010011011101011110101111000001011001000011000111011100111101110000000000000000001011101100101010010111101111010
10000100000100000001101011010111000110010101100001110111000100111010001010000110000000000000000000000000000000000000000000000000
00100100011100000000111111110001001001110001001001100111011000110001001101000110000011110000000010101001111110000010011010000010
01000100010100000011001110111011010000000100110010110110101100110000110000111100000011110000000010101100000100111111010101010000
01000101011101000000111111001010111101011111111110010100111100111011101011100111000000001111110001110101000101001001000011101011
00000100010100000001110011000111101000001110110111110111101100110100000000100011000011111111110000000000000000000000000000000000
01000100000001000011011100011110110101110000001101010100110100110100000010011110000011110000000010000000011111110111010000001000
01000101000100000011010100110010011010111000000101111011011100111110001011001001000000001111110011101101100100000011101100010111
01000100010000000001101111110011011110011110011001110000010100111011101100110111000000001111110010000011010101001110101011001100
00000101000001000000100010101101100000011111010011111100000100110011001101000011000011111111110000000000000000000000000000000000
00000100011100000010000111011000111011000110010111000011111000111111110000111001000011111111110000000000000000000000000000000000
00000101011000000010001101101111010100000001011101100000000100111111110111001100000000001111110000000000000000000000000000000000
01000101010101000010110011011000011011001000001110000111000100111100000110100100000011110000000001110010110100010010001100000100
01000100011100000001010001001010001101111001110110111011011000110010101111010001000011110000000010110111011010001010100100001001
00100101011100000010110011111010010101111101010001101110001100111101001100011101000000000000000000010110000001001011110001101101
01000100001000000011000000000100101110100000011010000001111100111011011000111010000000000000000010111001010000110101001010111111
00000100001000000000000001110000110011011100100001000001111100111101100011001101000000000000000000000000000000000000000000000000
01000100001001000000101111010100100100101101110111010100000100110110010101010001000011111111110000000101100011011010000110111101
00000100001000000010110010100011101110110010000111011100001000110101001101111110000000000000000000000000000000000000000000000000
10100100010101000001101111010110001101111111001010011011001000111000011110011111000011111111110000110000010001001111000011000100
00000100000000000011100111000110100110111011110111101101111100111011110011011000000011111111110000000000000000000000000000000000
00000100001000000000001110011101000101011101000001010101100100111010001011110001000000001111110000000000000000000000000000000000
00000100000001000001001111000101111001101101110111010001100000110100101010011000000011110000000000000000000000000000000000000000
01000100010101000010111110011100000001110011000010001101000100110111001101101110000000000000000010001000110111000001101000111011
01000101011001000011101000011001111100100000011111011111111100111111010011000001000011111111110010111110111100000110111011111000
00000100010100000000011111111000101111011000100000010100110000110100011000101010000000000000000000000000000000000000000000000000
01000101011100000011101000001010101000000010110001100011000000110111010111100100000000000000000010001101001101110000011111010110
00000101000000000010010111110001011010010011101011110101101000111110010011101011000011110000000000000000000000000000000000000000
01000101000101000011000101110011110001000100000011011000000100111011111111111000000011110000000000001001000110011101110110111101
01000100011100000010011101111010000001011000110011011011011000110011011000110001000000001111110010011010000111110101110001000000
01100101000101000001001001100001110100110000010101011011110000111111100010110111000011111111110000000000000000000000000000000000
11100101011100000001000111101010111110000011010010111100011100111011011100100000000011111111110010110101110111011100001001100100
01100100000000000001111000010100011100111100101111010011010100111110111111111101000011111111110000000000000000000000000000000000
10100101001100000011101100110011111111111000001110010110110100110100011010010111000000000000000000000000000000000000000000000000
00000101010000000000010111111000111011011001010101001100110100110001101001010111000011110000000000000000000000000000000000000000
00000101000000000000000111111111101111010000101001100011101000111101111101100010000000000000000000000000000000000000000000000000
01000100010001000001111110010101011000111101101110011101110000110011100101101111000000001111110010100011100111001101010111000101
00000101001000000010011110001010011100110101111000010101101000111000111110001001000011111111110000000000000000000000000000000000
11000100001101000000011011110011111011010000011100100110111000111110001100001000000011110000000001010001100000000101000010010000
01000101001101000001010001011001011000110010101101010000111100110001001111101010000011111111110011101110100101001101010101011011
00000100001001000001110000010011100101000011011111000101011100110010010100001101000000001111110000000000000000000000000000000000
01000101010101000001001010010110101101011101000111111000101100110010111001101111000000000000000000100000010101011111101010001011
01000100011000000010010011111110100110010011011110111000100100110111101001011011000000000000000011000110010110000010010000011000
00000101010101000000011000100100010100111101011000110011111100111001010110010111000011110000000000000000000000000000000000000000
11000100001001000001011010011101101010101010111100010110001100110100000100001110000000000000000011100010101100000000100000000101
00000100011001000010000110100000011010111010100000101010001100110000111000010000000000001111110000000000000000000000000000000000
01000101011101000010001000001000001000000110101101110111111100111100000011001100000011110000000000011001010110101101110100110100
00000101001100000001111010111110101111010110010101011000001100111000101001101010000011111111110000000000000000000000000000000000
01000101001100000001000100111001001101100100101011110000010100110110111110100000000011110000000011011110001001110111101101101001
00000100011101000011100110110011001010101110011110110001110000111101011111011110000011110000000000000000000000000000000000000000
10100100011100000001100111110011110110100000011000000100111000110100100101111011000011110000000000000000000000000000000000000000
00000101001000000010100011011110001110110101001010001110100100111000100110011111000000001111110000000000000000000000000000000000
01000100010001000001101101011111100011010111101110110001100100110010101001001101000011110000000010000111111000101110010100110011
00000101011001000010110011101111000001001010001000111110010100111111101100001011000000001111110000000000000000000000000000000000
01000100001101000000110001101010111000000000001000011010000100110101111001101000000000001111110010001111011000011001111110111111
00000100010001000010110011110110101110000110100110010111010000111101110010111111000011110000000000000000000000000000000000000000
01000101011001000001010110010101111001101001001010010011001000110001110011001001000011110000000011010010101001011001011100010001
00000101001000000011101000011101111110110101111111111011011000111010111000000110000000001111110000000000000000000000000000000000
00000100010100000001000001111111101111111011001011011100100100110011011000010001000011111111110000000000000000000000000000000000
00000100000101000000101011101111101011110001001110111110111100111011100110000011000011111111110000000000000000000000000000000000
00000100000001000000100010001100011010010000100000101010100000111111100011100101000000001111110000000000000000000000000000000000
01100101000001000000011011100001111101101000001110100111001000111110110100010101000011110000000010001001011100010101010001011000
01000100000001000010000111001101110000011010101110010100001100110011110001101010000011111111110000011111100100111111000010001101
00000101000101000000001100000010001101110011110101011001001000110111111110010101000011111111110000000000000000000000000000000000
00000101010100000010110011010100001110101010100110111100011000110110110011000101000011111111110000000000000000000000000000000000
01100101000100000001010111011111111010100111111000110100101100111010010011011001000000001111110000000000000000000000000000000000
